0.9323536
0.6018062
0.5057871
-0.1398013
-0.4454329
-2.240474
0.6843247
-0.8026206
-0.779481
-0.6015608
2.319857
1.561293
0.7687387
-0.6935022
2.64406
-3.208769
-1.914407
-0.2690139
1.020842
-0.5484319
2.535448
-3.714883
1.137325
1.141615
0.4420163
-1.767708
-0.1401892
-1.59679
-5.795883
-0.8251314
-1.103647
-0.2189525
-1.39139
1.491164
0.6821834
1.313674
1.44328
1.108655
-1.327904
-0.0575131
0.9524914
1.18073
-0.3705865
-1.630486
0.5722684
1.295361
0.04055949
-0.4942847
1.276986
-1.13401
2.224031
-1.919999
1.444148
-0.7113851
-1.937533
1.648387
0.09169287
0.3173441
1.843898
-1.892457
-1.39466
-0.7996591
1.005545
-1.359086
0.04557787
-1.518298
-1.723663
0.9212955
0.8361374
0.5858801
0.4270357
-1.049114
-0.3513534
1.09962
1.001588
-1.526387
1.538868
1.182335
-0.2439089
-1.548686
-2.341371
4.463017
-3.797832
-0.8373131
1.318009
-0.52293
-1.871522
-1.983415
1.875306
-0.1011823
2.823862
-1.167069
1.387547
-0.5859098
-0.2880092
-1.896938
0.01483761
